{"keyframes": [{"matrix": "[-0.07956183206662715,0.9968299327759986,0,0,-0.29963660446412255,-0.023915450792092008,0.9537536141365976,0,0.9507301510646503,0.07588238488087468,0.3005894933649178,0,1.0124473461703505,0.0808083335820222,0.32010243338049615,1]", "fov": 50, "aspect": 1.7816901408450705, "properties": "[[\"FOV\",50],[\"NAME\",\"Camera 0\"],[\"TIME\",0]]"}, {"matrix": "[0.6619754213344728,0.7495255442938866,-1.1102230246251565e-16,0,0.004973968729426459,-0.004392972421598085,0.9999779804717608,0,0.7495090400949983,-0.661960844947989,-0.006636156388922121,0,0.7981638509361484,-0.7049324142983868,-0.007066946301442558,1]", "fov": 50, "aspect": 1.7816901408450705, "properties": "[[\"FOV\",50],[\"NAME\",\"Camera 1\"],[\"TIME\",0.16666666666666669]]"}, {"matrix": "[0.9831876447378431,0.18259807018381335,1.3877787807814457e-17,0,-0.053729974530434155,0.2893056156465599,0.9557276550316641,0,0.1745140254300832,-0.9396596221614036,0.2942526965172556,0,0.18584270386116894,-1.0006581675098802,0.3133542797172796,1]", "fov": 50, "aspect": 1.7816901408450705, "properties": "[[\"FOV\",50],[\"NAME\",\"Camera 2\"],[\"TIME\",0.33333333333333337]]"}, {"matrix": "[0.5101835447440362,0.86006555021836,0,0,-0.7226907573208997,0.42869398992916175,0.5421619059668065,0,0.46629477796277613,-0.27660208301132816,0.8402740432254466,0,0.4965645719269927,-0.29455786647389665,0.8948209164995535,1]", "fov": 50, "aspect": 1.7816901408450705, "properties": "[[\"FOV\",50],[\"NAME\",\"Camera 3\"],[\"TIME\",0.5000000000000001]]"}, {"matrix": "[-0.6783944899294829,0.7346978399541654,0,0,-0.17703913678874594,-0.16347179529866285,0.9705329031964488,0,0.7130484275828761,0.6584041738237353,0.24096863657553513,0,0.7593363767718858,0.7011448598204694,0.25661125434802423,1]", "fov": 50, "aspect": 1.7816901408450705, "properties": "[[\"FOV\",50],[\"NAME\",\"Camera 4\"],[\"TIME\",0.6666666666666667]]"}, {"matrix": "[-0.5477277683098536,0.8366566152384782,0,0,-0.06472143234062239,-0.042370699104126164,0.99700344034171,0,0.8341495237774132,0.5460864693756112,0.07735722297752279,0,1.010612120446052,0.6222885174548494,-0.5158179569656016,1]", "fov": 50, "aspect": 1.7816901408450705, "properties": "[[\"FOV\",50],[\"NAME\",\"Camera 5\"],[\"TIME\",0.8333333333333334]]"}, {"matrix": "[0.2815395718821423,0.9595496180315117,-5.551115123125783e-17,0,0.3915756311051861,-0.1148914380967565,0.912944950463408,0,0.8760159785009605,-0.2570301305054316,-0.408082733552114,0,0.5707508460648878,-1.140965587768339,-1.3879820813681034,1]", "fov": 50, "aspect": 1.7816901408450705, "properties": "[[\"FOV\",50],[\"NAME\",\"Camera 6\"],[\"TIME\",1]]"}], "camera_type": "perspective", "render_height": 1080, "render_width": 1920, "camera_path": [{"camera_to_world": [-0.07956183206662712, -0.29963660446412255, 0.9507301510646503, 1.0124473461703505, 0.9968299327759986, -0.023915450792092063, 0.07588238488087468, 0.0808083335820222, -6.245004513516506e-17, 0.9537536141365978, 0.3005894933649178, 0.32010243338049615, 0, 0, 0, 1], "fov": 50, "aspect": 1.7816901408450705}, {"camera_to_world": [-0.03496578014424505, -0.2853176972525584, 0.9577949706766068, 0.9997834564264173, 0.9992904824221017, -0.023404488586434936, 0.029508670837754145, 0.030802292586562835, 0.013997355446933691, 0.9581471920057507, 0.28593361553337404, 0.29846857333622584, 0, 0, 0, 1], "fov": 50, "aspect": 1.7816901408450705}, {"camera_to_world": [0.013242069446317868, -0.2682323488011957, 0.9632632322752553, 0.9883828697767055, 0.9995235633102302, -0.02330960002003084, -0.02023138488899121, -0.020758971780648464, 0.027879992546613393, 0.9630722037331884, 0.26779588572661245, 0.2747793720140969, 0, 0, 0, 1], "fov": 50, "aspect": 1.7816901408450705}, {"camera_to_world": [0.06451998472628598, -0.24881205200926007, 0.966400400634158, 0.9779540547379331, 0.9970780356713299, -0.023614712041420127, -0.07264802927129646, -0.07351656181843814, 0.04089697241510876, 0.9682638628752711, 0.24656141120851774, 0.2495091389397692, 0, 0, 0, 1], "fov": 50, "aspect": 1.7816901408450705}, {"camera_to_world": [0.11812200627668676, -0.22753288195674354, 0.9665795255754329, 0.9682054798268181, 0.99161847989285, -0.02428288887124034, -0.12689811520688798, -0.12711157982563276, 0.05234483707266653, 0.9734675798076308, 0.2227574669799205, 0.22313218363890222, 0, 0, 0, 1], "fov": 50, "aspect": 1.7816901408450705}, {"camera_to_world": [0.1731401619301186, -0.2049038731797914, 0.963346711772419, 0.958845613560079, 0.9829678756838474, -0.025242278387096466, -0.18203566341630117, -0.18118512810105866, 0.061616878372706345, 0.9784565550589094, 0.19704347277150494, 0.19612281563715572, 0, 0, 0, 1], "fov": 50, "aspect": 1.7816901408450705}, {"camera_to_world": [0.22857630753898947, -0.18144796473718994, 0.9564672015937467, 0.9495829244544339, 0.9711307852632519, -0.026378364649805846, -0.2370847523405539, -0.23537830894354245, 0.06824858640163346, 0.9830467018260797, 0.17018023528907647, 0.16895534446018934, 0, 0, 0, 1], "fov": 50, "aspect": 1.7816901408450705}, {"camera_to_world": [0.28343126850836, -0.15767932644345847, 0.9459407730106991, 0.9401258810266008, 0.9562896804401567, -0.02753431939134531, -0.2911218101402204, -0.2893322246519106, 0.07194972630528304, 0.9871064234762089, 0.14298302562403067, 0.14210407963366267, 0, 0, 0, 1], "fov": 50, "aspect": 1.7816901408450705}, {"camera_to_world": [0.33679388972975866, -0.13408216939214973, 0.9319827507479922, 0.930182951793298, 0.9387740590723076, -0.028518928877516406, -0.34335104005752315, -0.3426879775249895, 0.07261640209761769, 0.9905597622287986, 0.11626786142190404, 0.1160433306832355, 0, 0, 0, 1], "fov": 50, "aspect": 1.7816901408450705}, {"camera_to_world": [0.3879131983959931, -0.1110956171918455, 0.9149760184567428, 0.9194626052712437, 0.9190093654169385, -0.02911928272116822, -0.3931588147934125, -0.39508666986160557, 0.07032166654841937, 0.9933830234177388, 0.09080215856071551, 0.09124740713456746, 0, 0, 0, 1], "fov": 50, "aspect": 1.7816901408450705}, {"camera_to_world": [0.43624277615943996, -0.08910717672160377, 0.8954061376299638, 0.9076733099771561, 0.897457317022053, -0.02911420819110037, -0.44013944041063124, -0.4461694039605855, 0.06528862360536575, 0.9955964413044626, 0.06726902474101092, 0.06819061851331808, 0, 0, 0, 1], "fov": 50, "aspect": 1.7816901408450705}, {"camera_to_world": [0.4814547531241838, -0.0684548593244781, 0.8737935985854997, 0.8945235344277533, 0.8745594854244088, -0.028284716155841477, -0.4840926370914734, -0.49557728212075564, 0.05785349728689459, 0.9972531810261872, 0.0462500355116176, 0.04734727434514724, 0, 0, 0, 1], "fov": 50, "aspect": 1.7816901408450705}, {"camera_to_world": [0.5234280872803239, -0.049436155721598825, 0.8506345301911575, 0.8797217471397536, 0.8506925832529525, -0.026419071242542332, -0.5249992014023451, -0.5429514066409425, 0.04842691652872809, 0.9984278137062045, 0.028226487088695577, 0.02919168415571441, 0, 0, 0, 1], "fov": 50, "aspect": 1.7816901408450705}, {"camera_to_world": [0.5622197863131748, -0.032321371438110306, 0.8263560012647865, 0.862976416629875, 0.826139000647793, -0.02331167871202546, -0.5629839404852445, -0.5879328798199727, 0.03746015865735337, 0.9992056317815604, 0.013595658475370222, 0.014198157470679373, 0, 0, 0, 1], "fov": 50, "aspect": 1.7816901408450705}, {"camera_to_world": [0.5980282244868661, -0.017369128078723785, 0.801286812637567, 0.8439960114148359, 0.8010718068609511, -0.018756104531756145, -0.5982743257029547, -0.6301628039566723, 0.025420522607094646, 0.9996732075696431, 0.0026972389222063476, 0.0028410038157017647, 0, 0, 0, 1], "fov": 50, "aspect": 1.7816901408450705}, {"camera_to_world": [0.6311558127051871, -0.004842624137599685, 0.7756409537150014, 0.8224890000113543, 0.7755508201724993, -0.01253294003728523, -0.631160717047398, -0.669282281349868, 0.012777535686451291, 0.999909733128688, -0.004154536833115558, -0.004405467283558784, 0, 0, 0, 1], "fov": 50, "aspect": 1.7816901408450705}, {"camera_to_world": [0.6619754213344728, 0.004973968729426462, 0.7495090400949985, 0.7981638509361484, 0.749525544293887, -0.004392972421598309, -0.6619608449479892, -0.7049324142983868, -6.765421556309546e-17, 0.9999779804717612, -0.006636156388922401, -0.007066946301442558, 0, 0, 0, 1], "fov": 50, "aspect": 1.7816901408450705}, {"camera_to_world": [0.6925859880430527, 0.012888496185123827, 0.7212201715374539, 0.7691360676273926, 0.7212103481684823, 0.006238369911618033, -0.6926880368791873, -0.7387083359608018, -0.01342694533856957, 0.999897479448234, -0.0049747092320252834, -0.005305215310538777, 0, 0, 0, 1], "fov": 50, "aspect": 1.7816901408450705}, {"camera_to_world": [0.7243592060966195, 0.020020826192538692, 0.6891319953837897, 0.7343605667648743, 0.6888612732486991, 0.019315621408234746, -0.7246358071388656, -0.7721945368858676, -0.027818820270751863, 0.9996129617447855, 0.00019987636604868164, 0.00021299449515818663, 0, 0, 0, 1], "fov": 50, "aspect": 1.7816901408450705}, {"camera_to_world": [0.7565857864245963, 0.026423172279015104, 0.6533603628526824, 0.6948049367277296, 0.6525205409531958, 0.03422901502562892, -0.7569975681364665, -0.8050161554576822, -0.04236615883490015, 0.9990646578160438, 0.008655523582502359, 0.009204568959200299, 0, 0, 0, 1], "fov": 50, "aspect": 1.7816901408450705}, {"camera_to_world": [0.7885283316183932, 0.03201706714783338, 0.614164454886771, 0.6514367658950957, 0.6124219627702929, 0.05043663392269719, -0.7889204557337384, -0.8367983300603437, -0.05623530698498337, 0.9982139316648505, 0.02016275969468767, 0.021386393925139517, 0, 0, 0, 1], "fov": 50, "aspect": 1.7816901408450705}, {"camera_to_world": [0.8194473029136753, 0.036613524271434106, 0.5719838875247523, 0.6052236426461098, 0.5690331106122262, 0.06749230065607445, -0.8195401810644333, -0.8671661990779489, -0.06861076281806898, 0.9970477617409185, 0.03447207613340869, 0.03647535523652762, 0, 0, 0, 1], "fov": 50, "aspect": 1.7816901408450705}, {"camera_to_world": [0.8486425278699995, 0.039942618092765565, 0.5274565831898513, 0.5571331553599085, 0.5230729101482599, 0.08507093495434102, -0.8480316425081228, -0.8957449008945964, -0.07874382870706546, 0.9955739667578144, 0.05130191180319284, 0.05418833873691667, 0, 0, 0, 1], "fov": 50, "aspect": 1.7816901408450705}, {"camera_to_world": [0.8755020946065633, 0.04169089831488627, 0.4814124544890983, 0.5081328924156284, 0.47549955992751064, 0.10298338237160339, -0.873667323106483, -0.9221595738943835, -0.08600145840777418, 0.9938089816222241, 0.07033816317429636, 0.0742422302698586, 0, 0, 0, 1], "fov": 50, "aspect": 1.7816901408450705}, {"camera_to_world": [0.8995480843984238, 0.04154128378107047, 0.4348420007277894, 0.4591904421924073, 0.4274691650259866, 0.12117461726012933, -0.8958721030838315, -0.946035356461408, -0.0899074902725686, 0.9917615811643855, 0.09124477694205976, 0.09635391567890514, 0, 0, 0, 1], "fov": 50, "aspect": 1.7816901408450705}, {"camera_to_world": [0.9204686475741551, 0.03920763437674067, 0.3888447379605203, 0.41127339306938104, 0.3802722974586553, 0.13970339498790443, -0.9142625122000625, -0.966997386979768, -0.09016900031896724, 0.9894168599914968, 0.11368301784367223, 0.1202402808076085, 0, 0, 0, 1], "fov": 50, "aspect": 1.7816901408450705}, {"camera_to_world": [0.938128883594554, 0.034456339356876274, 0.34456778497671503, 0.36534933342568776, 0.3352613656353455, 0.15870648368045948, -0.9286614392501216, -0.9846708038335603, -0.08668341524166642, 0.9867243853862679, 0.13733525696678547, 0.1456182114995202, 0, 0, 0, 1], "fov": 50, "aspect": 1.7816901408450705}, {"camera_to_world": [0.9525578941608691, 0.027110080340714743, 0.3031476567874646, 0.3223858516404631, 0.2937839544799028, 0.17835439580552642, -0.9390850321387281, -0.9986807454068836, -0.07952638783423294, 0.9835927780543967, 0.16192838107408333, 0.17220459359819257, 0, 0, 0, 1], "fov": 50, "aspect": 1.7816901408450705}, {"camera_to_world": [0.9639142916881933, 0.01703318040131792, 0.26566729012933593, 0.28335053609284433, 0.25713541610368773, 0.1988063869708885, -0.9457047098776471, -1.0086523500838354, -0.06892471301668206, 0.9798907547604465, 0.1872524837500708, 0.19971631294717757, 0, 0, 0, 1], "fov": 50, "aspect": 1.7816901408450705}, {"camera_to_world": [0.972435441399541, 0.0041018079992727685, 0.23313619942260586, 0.24921097516196888, 0.22653898292062039, 0.2201701249899625, -0.9487914445647132, -1.0142107562485132, -0.055221386503517066, 0.975452864690571, 0.21317201326531537, 0.2278702553900266, 0, 0, 0, 1], "fov": 50, "aspect": 1.7816901408450705}, {"camera_to_world": [0.9783757953060045, -0.011835519426709287, 0.20649630417817022, 0.2209347572269733, 0.20315560258347704, 0.24246693472531272, -0.9486504027848484, -1.0149811022850148, -0.03884075563487107, 0.9700874733985645, 0.23962823217830845, 0.256383306770292, 0, 0, 0, 1], "fov": 50, "aspect": 1.7816901408450705}, {"camera_to_world": [0.9819369776385146, -0.031001232799334328, 0.18665126710274618, 0.19948947066699418, 0.188120342897271, 0.2655984210078979, -0.9455518046867261, -1.010588526577438, -0.02026101020068889, 0.9635851816643055, 0.2666328733345059, 0.28497235293152584, 0, 0, 0, 1], "fov": 50, "aspect": 1.7816901408450705}, {"camera_to_world": [0.9831876447378433, -0.05372997453043399, 0.17451402543008332, 0.18584270386116902, 0.1825980701838134, 0.28930561564655966, -0.939659622161404, -1.0006581675098807, -1.5959455978986625e-16, 0.9557276550316643, 0.2942526965172554, 0.31335427971727936, 0, 0, 0, 1], "fov": 50, "aspect": 1.7816901408450705}, {"camera_to_world": [0.9818956450952651, -0.08348323388420695, 0.1700337960618073, 0.179998486208744, 0.1879005724727756, 0.31570262595704096, -0.9300673238149118, -0.9845731509637541, 0.0239649120039422, 0.9451785025190022, 0.325673581011079, 0.3447594121751324, 0, 0, 0, 1], "fov": 50, "aspect": 1.7816901408450705}, {"camera_to_world": [0.9773939536493453, -0.12285721531656084, 0.17206732407508962, 0.18084167047549765, 0.20468831406182114, 0.34602993257908465, -0.9156232739756255, -0.9623142760082486, 0.052950481170911036, 0.9301448222744534, 0.3633550001579648, 0.38188380947631634, 0, 0, 0, 1], "fov": 50, "aspect": 1.7816901408450705}, {"camera_to_world": [0.9687288082761079, -0.1708515521615769, 0.17992843894151944, 0.18766108009036406, 0.2331012619427397, 0.37818725449761237, -0.8959007769927763, -0.9344031908091275, 0.08501939600264409, 0.9098264382065067, 0.4061866007684245, 0.4236429586498606, 0, 0, 0, 1], "fov": 50, "aspect": 1.7816901408450705}, {"camera_to_world": [0.9548182398596291, -0.2260815317957276, 0.19289704459181722, 0.1997455384822776, 0.27286163250566264, 0.40969559575781656, -0.8704573788089758, -0.9013615435321536, 0.11776526796006051, 0.8837627848000532, 0.4528738034648836, 0.46895234672479646, 0, 0, 0, 1], "fov": 50, "aspect": 1.7816901408450705}, {"camera_to_world": [0.9347101035481955, -0.28659743262261633, 0.21018785392844827, 0.21638386908017268, 0.3229495885197227, 0.437969775243549, -0.8389791649666022, -0.8637109823430907, 0.1483933475593283, 0.8520823830987471, 0.5019312969051606, 0.5167274607301541, 0, 0, 0, 1], "fov": 50, "aspect": 1.7816901408450705}, {"camera_to_world": [0.9078900276854065, -0.3498605620808488, 0.23094000244622978, 0.23686489531298316, 0.38140015038325237, 0.46072981956300507, -0.8014124772257251, -0.8219731554077032, 0.17398167408386628, 0.8156749477983942, 0.5517288796293539, 0.5658837876949627, 0, 0, 0, 1], "fov": 50, "aspect": 1.7816901408450705}, {"camera_to_world": [0.8745507381120146, -0.4129469125475562, 0.2542358233710812, 0.2604774406096438, 0.44534639462289694, 0.47645898958897764, -0.7580589818980036, -0.7766697108917532, 0.19190517258301726, 0.7761840494736357, 0.6005919796988559, 0.6153368146482537, 0, 0, 0, 1], "fov": 50, "aspect": 1.7816901408450705}, {"camera_to_world": [0.8356948820957084, -0.4729589483169709, 0.27914852184087396, 0.28651032839908863, 0.5113633397885824, 0.4847305095158304, -0.709608249574926, -0.728322296961005, 0.20030376621348575, 0.7357623028882552, 0.6469406733922863, 0.6640020286190569, 0, 0, 0, 1], "fov": 50, "aspect": 1.7816901408450705}, {"camera_to_world": [0.7929881775407847, -0.5275050032268809, 0.3048085002934688, 0.31425238211025197, 0.5760231043386348, 0.4862356322673316, -0.657093823728142, -0.677452561781222, 0.19841152574542514, 0.6966443723193324, 0.6894341773999718, 0.7107949166364025, 0, 0, 0, 1], "fov": 50, "aspect": 1.7816901408450705}, {"camera_to_world": [0.7484021241618645, -0.5750505591048068, 0.33047105020448964, 0.342992425172068, 0.6364523188085113, 0.4824811803201122, -0.6017809871707319, -0.6245821535181675, 0.18660843076688277, 0.6607032352805308, 0.7270822019940806, 0.754630965729321, 0, 0, 0, 1], "fov": 50, "aspect": 1.7816901408450705}, {"camera_to_world": [0.7037951662098161, -0.6150152460432715, 0.3555680119949371, 0.3720192810134711, 0.6906895613789494, 0.47529499312695067, -0.5450161459173538, -0.5702327203376051, 0.16619354326161975, 0.6291668432481056, 0.7592949292174694, 0.7944256629268424, 0, 0, 0, 1], "fov": 50, "aspect": 1.7816901408450705}, {"camera_to_world": [0.6605902319435775, -0.6476290525354659, 0.37973300590381304, 0.4006217730633954, 0.7377657445283987, 0.4663500052613379, -0.4880772262595415, -0.5149259104052987, 0.13900450230545816, 0.6025730519238018, 0.7858647882645253, 0.8290944952579968, 0, 0, 0, 1], "fov": 50, "aspect": 1.7816901408450705}, {"camera_to_world": [0.6196234000314637, -0.6736609055480789, 0.4027999832045568, 0.4280887247507758, 0.7775663690017509, 0.4568551585200251, -0.4320577576332542, -0.4591833718870105, 0.10703917007750918, 0.5809168171690203, 0.8068942109095425, 0.8575529497518151, 0, 0, 0, 1], "fov": 50, "aspect": 1.7816901408450705}, {"camera_to_world": [0.5811428223998891, -0.6941414580349474, 0.4247830695898887, 0.45370895950454565, 0.8105941698520456, 0.44744173414051264, -0.37780019368867995, -0.4035267529485056, 0.07218110400211598, 0.5638825505248836, 0.8226945711736451, 0.8787165134373269, 0, 0, 0, 1], "fov": 50, "aspect": 1.7816901408450705}, {"camera_to_world": [0.5448884671709235, -0.7101514043782751, 0.4458492359572744, 0.4767713007536397, 0.837732960482931, 0.438187238700733, -0.32587640411716073, -0.34847770175554693, 0.03605614045659436, 0.5510688946941125, 0.8336804112104251, 0.891500673343563, 0, 0, 0, 1], "fov": 50, "aspect": 1.7816901408450705}, {"camera_to_world": [0.5101835447440367, -0.7226907573208997, 0.4662947779627755, 0.4965645719269923, 0.8600655502183594, 0.428693989929162, -0.2766020830113289, -0.29455786647389764, 7.216449660063516e-16, 0.5421619059668065, 0.8402740432254466, 0.8948209164995531, 0, 0, 0, 1], "fov": 50, "aspect": 1.7816901408450705}, {"camera_to_world": [0.47261114041557645, -0.733463736110791, 0.488538286898262, 0.5143258474668918, 0.88046628717059, 0.41667126634415685, -0.2261949888021241, -0.23831303783504504, -0.03765404508315936, 0.5370437632200536, 0.8427135748730518, 0.8886779860156614, 0, 0, 0, 1], "fov": 50, "aspect": 1.7816901408450705}, {"camera_to_world": [0.42671454146529614, -0.7438450183706232, 0.5144018747509279, 0.5317841193353589, 0.9009632874275098, 0.39907887838450373, -0.17029739732356738, -0.17660733560608655, -0.07861205257386797, 0.5361255799461295, 0.8404698136861013, 0.8743256418281622, 0, 0, 0, 1], "fov": 50, "aspect": 1.7816901408450705}, {"camera_to_world": [0.36985654769548665, -0.7537242924050193, 0.543236435785864, 0.548966087240926, 0.9211187603917597, 0.3738943013167412, -0.108366418678547, -0.11043990150620173, -0.12143460536899847, 0.5404653018292839, 0.8325568413852934, 0.8525588962049561, 0, 0, 0, 1], "fov": 50, "aspect": 1.7816901408450705}, {"camera_to_world": [0.2994676627583321, -0.7620394540068856, 0.574121058226355, 0.5658984508921264, 0.9399054628485933, 0.33905643306406835, -0.04023003983645125, -0.040809877254567736, -0.16400256055755164, 0.5516671149658631, 0.8177814832801045, 0.8241727614139414, 0, 0, 0, 1], "fov": 50, "aspect": 1.7816901408450705}, {"camera_to_world": [0.21361119414920232, -0.766413931218099, 0.6057886956431022, 0.5826079099974929, 0.9555277978892717, 0.2929676589428374, 0.03371317656988819, 0.03128359542963699, -0.20331474416537254, 0.571646426428411, 0.7949109874423654, 0.7899622497230173, 0, 0, 0, 1], "fov": 50, "aspect": 1.7816901408450705}, {"camera_to_world": [0.11192121952221669, -0.7630025082041687, 0.636632400286702, 0.5991211642655584, 0.965409924342083, 0.2353128930169774, 0.11230102564889752, 0.10484137482723241, -0.23549377614381564, 0.6020423696502831, 0.7629466996739671, 0.7507223734000837, 0, 0, 0, 1], "fov": 50, "aspect": 1.7816901408450705}, {"camera_to_world": [-0.003266710520879109, -0.7469772330344127, 0.6648415916070728, 0.6154649134048555, 0.966605286115136, 0.1680081151880832, 0.19351355013337926, 0.1788643192190416, -0.2562489989378473, 0.6432715496267504, 0.7214833081812431, 0.7072481447130393, 0, 0, 0, 1], "fov": 50, "aspect": 1.7816901408450705}, {"camera_to_world": [-0.126231365015918, -0.7139890682172115, 0.6886837103870949, 0.6316658571239178, 0.9567887609420516, 0.0956963619420265, 0.27458600336877087, 0.2523532868858861, -0.2619559303035381, 0.6935861999617486, 0.6710568335107162, 0.6603345759297831, 0, 0, 0, 1], "fov": 50, "aspect": 1.7816901408450705}, {"camera_to_world": [-0.24852703317345126, -0.6622466276605853, 0.70686895386216, 0.6477506951312771, 0.9355217025833301, 0.0250426283136854, 0.35238049146161626, 0.32430913610858575, -0.2510646486018888, 0.7488673253115832, 0.6133223225214336, 0.6107766793182151, 0, 0, 0, 1], "fov": 50, "aspect": 1.7816901408450705}, {"camera_to_world": [-0.3612311066914411, -0.5939319859692586, 0.718858041341327, 0.663746127135467, 0.9049249553387544, -0.0372725648874061, 0.42393582192575774, 0.39373272516796376, -0.22499536164914702, 0.803651387076092, 0.5509278857409952, 0.5593694671462337, 0, 0, 0, 1], "fov": 50, "aspect": 1.7816901408450705}, {"camera_to_world": [-0.45762878910091137, -0.514775242251879, 0.7249705796448246, 0.6796788528450203, 0.8690866116410045, -0.08676600099924302, 0.4869908854762657, 0.4596249123448415, -0.18778805300761714, 0.8529232738266195, 0.4870908910177748, 0.5069079516817381, 0, 0, 0, 1], "fov": 50, "aspect": 1.7816901408450705}, {"camera_to_world": [-0.5346692890856987, -0.43207499714379755, 0.7262506097427947, 0.6955755719684694, 0.8325761563537297, -0.12215149132289749, 0.5402739647982697, 0.520986555920039, -0.14472627674283456, 0.8935268378794111, 0.42504599140490323, 0.45418714519262826, 0, 0, 0, 1], "fov": 50, "aspect": 1.7816901408450705}, {"camera_to_world": [-0.5926523418435627, -0.35261375872820333, 0.7241731414951188, 0.7114629842143478, 0.7991146711995889, -0.14479013087875844, 0.5834822707449517, 0.5768185141743792, -0.10089075270268474, 0.9244995160386406, 0.36758903800767134, 0.4020020599468027, 0, 0, 0, 1], "fov": 50, "aspect": 1.7816901408450705}, {"camera_to_world": [-0.6339206998637843, -0.2815448086166073, 0.7203312203599451, 0.7273677892911883, 0.7710397729076085, -0.1573873556079722, 0.6170307033603054, 0.6261216453886842, -0.06035076535383249, 0.9465525558762005, 0.316853347915781, 0.3511477082121602, 0, 0, 0, 1], "fov": 50, "aspect": 1.7816901408450705}, {"camera_to_world": [-0.6615375964499844, -0.22229929392589376, 0.7162059985808737, 0.743316686907523, 0.7494598503262359, -0.16282398047457672, 0.6417151113472322, 0.6678968078437727, -0.02603730462535913, 0.9612863128654562, 0.2743185802408989, 0.30241910225660196, 0, 0, 0, 1], "fov": 50, "aspect": 1.7816901408450705}, {"camera_to_world": [-0.6783944899294831, -0.17703913678874636, 0.713048427582876, 0.7593363767718855, 0.7346978399541654, -0.16347179529866301, 0.6584041738237354, 0.7011448598204689, -3.885780586188049e-16, 0.9705329031964488, 0.24096863657553536, 0.2566112543480249, 0, 0, 0, 1], "fov": 50, "aspect": 1.7816901408450705}, {"camera_to_world": [-0.6880532553750476, -0.14414646810957304, 0.7111993486353425, 0.7766223691785529, 0.7254337905812044, -0.16111368353940386, 0.669169781489982, 0.7288142091368955, 0.018125486222029086, 0.9763524858922112, 0.21542351320437236, 0.21220349874075234, 0, 0, 0, 1], "fov": 50, "aspect": 1.7816901408450705}, {"camera_to_world": [-0.6934120216511219, -0.1200307426259262, 0.7104733556259325, 0.7960205186801341, 0.7199033654164053, -0.15689188001256762, 0.6761095195663612, 0.7542215852907261, 0.030313572732981575, 0.9802946285738747, 0.19520125126999438, 0.16716199971171639, 0, 0, 0, 1], "fov": 50, "aspect": 1.7816901408450705}, {"camera_to_world": [-0.6955200688859994, -0.10334450484228902, 0.711035686232215, 0.8170330413726609, 0.7175341496095687, -0.1513738561201792, 0.6798755031822963, 0.7769203290821092, 0.03737081643325169, 0.9830594432699425, 0.17943676623508029, 0.12151201456272853, 0, 0, 0, 1], "fov": 50, "aspect": 1.7816901408450705}, {"camera_to_world": [-0.6950317108745724, -0.09283191352641303, 0.7129608381319339, 0.8391621533521659, 0.7178609665427063, -0.1448819807727112, 0.6809440831388048, 0.7964637813111939, 0.04008183619966276, 0.9850844874823684, 0.16733797814143414, 0.07527880059559822, 0, 0, 0, 1], "fov": 50, "aspect": 1.7816901408450705}, {"camera_to_world": [-0.6923380638095016, -0.08732957422133676, 0.7162691888297518, 0.8619100707146801, 0.7205077013317164, -0.13759430845837814, 0.6796590752734394, 0.8124052827781275, 0.039200226047776225, 0.986631315003827, 0.1581834078897737, 0.028487615112138893, 0, 0, 0, 1], "fov": 50, "aspect": 1.7816901408450705}, {"camera_to_world": [-0.6876609288036549, -0.08574951047537288, 0.7209503925029298, 0.8847790095562353, 0.7251658339794137, -0.12961099900951484, 0.6762658516919933, 0.8242981742830585, 0.03545363487480703, 0.9878501963298836, 0.15131103523925282, -0.018836284585838005, 0, 0, 0, 1], "fov": 50, "aspect": 1.7816901408450705}, {"camera_to_world": [-0.6811198812958876, -0.08705705922318342, 0.7269778371744817, 0.9072711859728643, 0.7315751911588392, -0.12099951341594199, 0.6709372976918285, 0.8316957966261356, 0.029554136502086034, 0.9888276827600025, 0.1461039589576534, -0.0666676411965231, 0, 0, 0, 1], "fov": 50, "aspect": 1.7816901408450705}, {"camera_to_world": [-0.6727803395825723, -0.0902497670533247, 0.7343170937803227, 0.9288888160605975, 0.7395088627747233, -0.11182710737794577, 0.6637931454399909, 0.8341514906075064, 0.022209379748080366, 0.9896209767392272, 0.14197558187555892, -0.11498119741810288, 0, 0, 0, 1], "fov": 50, "aspect": 1.7816901408450705}, {"camera_to_world": [-0.6626874663222216, -0.09434003421377271, 0.7429301985543316, 0.9491341159154673, 0.7487627135097087, -0.1021857510998993, 0.6549140944656233, 0.8312185970273197, 0.014132262275102815, 0.990281793337984, 0.13835551650112865, -0.16375169594876587, 0, 0, 0, 1], "fov": 50, "aspect": 1.7816901408450705}, {"camera_to_world": [-0.6508884956140576, -0.09834257846609719, 0.7527767952971907, 0.9675093016335058, 0.759149252185919, -0.09221231981036325, 0.6443518456408356, 0.8224504566857234, 0.0060480726540564755, 0.9908711446680799, 0.13467663301902244, -0.21295387948670275, 0, 0, 0, 1], "fov": 50, "aspect": 1.7816901408450705}, {"camera_to_world": [-0.6374444211707411, -0.10126691501919781, 0.7638125567446463, 0.9835165893107443, 0.7704952411127046, -0.08210544101132562, 0.632135887273465, 0.807400410382866, -0.0013012843555998271, 0.9914654348381644, 0.13036333142488943, -0.2625624907301, 0, 0, 0, 1], "fov": 50, "aspect": 1.7816901408450705}, {"camera_to_world": [-0.6224308392604084, -0.10211460538610918, 0.7759848308468554, 0.9966581950432147, 0.7826420905341707, -0.07213951471924342, 0.6182776468063318, 0.7856217989188957, -0.007156008795894427, 0.9921534648344031, 0.1248210469239936, -0.3125522723771461, 0, 0, 0, 1], "fov": 50, "aspect": 1.7816901408450705}, {"camera_to_world": [-0.6059270553128463, -0.09988093998338295, 0.7892250638873165, 1.006436334926949, 0.7954477073754825, -0.06267596416463377, 0.602772484729622, 0.7566679630939603, -0.010740040548881738, 0.993023424368262, 0.11742712712546019, -0.36289796712603184, 0, 0, 0, 1], "fov": 50, "aspect": 1.7816901408450705}, {"camera_to_world": [-0.5879923188336863, -0.09356108839640735, 0.8034372133095804, 1.012353225057979, 0.8087880513617564, -0.05417156389496644, 0.5855999740775495, 0.7200922437082088, -0.01126592060320975, 0.99413870481098, 0.10752355383686384, -0.4135743176749436, 0, 0, 0, 1], "fov": 50, "aspect": 1.7816901408450705}, {"camera_to_world": [-0.5686282931317534, -0.08216177656406023, 0.8184810973516162, 1.0139110815323358, 0.8225562320610986, -0.04718353237258753, 0.5667230005657907, 0.6754479815617891, -0.007944139192959334, 0.9955014599410101, 0.0944125728269305, -0.46455606672207056, 0, 0, 0, 1], "fov": 50, "aspect": 1.7816901408450705}, {"camera_to_world": [-0.5477277683098538, -0.06472143234062233, 0.8341495237774135, 1.010612120446052, 0.8366566152384785, -0.04237069910412626, 0.5460864693756113, 0.6222885174548494, 4.163336342344337e-17, 0.9970034403417101, 0.07735722297752268, -0.5158179569656016, 0, 0, 0, 1], "fov": 50, "aspect": 1.7816901408450705}, {"camera_to_world": [-0.5235851746533715, -0.04221383020037791, 0.8509268813611497, 1.0021034359464542, 0.8518945704282965, -0.03952117109593477, 0.5222199899563345, 0.5583485021678231, 0.011584720885144426, 0.9983266347118159, 0.05665443201545477, -0.5675889135389761, 0, 0, 0, 1], "fov": 50, "aspect": 1.7816901408450705}, {"camera_to_world": [-0.494320362850334, -0.016436348281628696, 0.8691244015252818, 0.9887014473639448, 0.8689227439015536, -0.037996693544716166, 0.49348709852463646, 0.4824828191261899, 0.02491272771314964, 0.9991426813698002, 0.03306445618873143, -0.6200660010888098, 0, 0, 0, 1], "fov": 50, "aspect": 1.7816901408450705}, {"camera_to_world": [-0.4594640426801645, 0.012235878641038405, 0.8881120856952021, 0.9709123585691702, 0.8873269974746589, -0.03790649899618237, 0.45958013108320867, 0.395925158097668, 0.03928858659466927, 0.9992063753838515, 0.006559447816620637, -0.6731761715830556, 0, 0, 0, 1], "fov": 50, "aspect": 1.7816901408450705}, {"camera_to_world": [-0.41863651698237714, 0.04333312630089395, 0.9071194556473005, 0.9492423734327764, 0.9065519608181706, -0.03936165806826427, 0.4202549252666141, 0.2999092088499751, 0.053916685595410005, 0.998284979371676, -0.02280550318010741, -0.7268463769896654, 0, 0, 0, 1], "fov": 50, "aspect": 1.7816901408450705}, {"camera_to_world": [-0.37164350091692533, 0.07627955128124715, 0.9252364769519968, 0.9241976958254093, 0.9258886829146277, -0.04244376777155046, 0.37540467954991047, 0.1956686611508292, 0.06790622266646561, 0.9961826923981797, -0.054852422822388745, -0.7810035692765922, 0, 0, 0, 1], "fov": 50, "aspect": 1.7816901408450705}, {"camera_to_world": [-0.31858204150601266, 0.11039865013863465, 0.941444433239386, 0.896284529617715, 0.9444879358747936, -0.0471660753212182, 0.32514289216552916, 0.08443720476794835, 0.08029957544615653, 0.9927675958583462, -0.08924392862714248, -0.8355747004117882, 0, 0, 0, 1], "fov": 50, "aspect": 1.7816901408450705}, {"camera_to_world": [-0.25993863595373595, 0.1449429143521852, 0.9546850041336179, 0.8660090786803392, 0.9614097017246819, -0.053433142909373454, 0.2698819828526626, -0.03255147053094963, 0.0901293013851188, 0.987996179556339, -0.12546018577185689, -0.8904867223632058, 0, 0, 0, 1], "fov": 50, "aspect": 1.7816901408450705}, {"camera_to_world": [-0.19665179752370038, 0.17915017969876584, 0.9639674702211675, 0.8338775468839282, 0.9757127017549312, -0.06101041067625258, 0.21038643830629356, -0.15406367497814677, 0.09650281946549752, 0.9819281760409032, -0.16280129892661996, -0.9456665870987978, 0, 0, 0, 1], "fov": 50, "aspect": 1.7816901408450705}, {"camera_to_world": [-0.13010841941583035, 0.2123197822770271, 0.9684999273365746, 0.8003961380991278, 0.9865745640398412, -0.0695176572139036, 0.14777660479618474, -0.27886571880592503, 0.09870374251623878, 0.9747243740613681, -0.2004244641353995, -1.0010412465865164, 0, 0, 0, 1], "fov": 50, "aspect": 1.7816901408450705}, {"camera_to_world": [-0.06205397974083148, 0.24389059825995207, 0.9678154161195859, 0.7660710561965841, 0.9934172701123751, -0.07845662857036223, 0.08346666925095612, -0.4057239122465667, 0.09628827052554612, 0.966623987656925, -0.23741658628963636, -1.0565376527943142, 0, 0, 0, 1], "fov": 50, "aspect": 1.7816901408450705}, {"camera_to_world": [0.005578197130609114, 0.27349694853564444, 0.9618566955937163, 0.7314085050469432, 0.9960025764680954, -0.08727191716107185, 0.019038911312013438, -0.5334045655323536, 0.08915016200595356, 0.9579055442039796, -0.27289048535555455, -1.1120827576901438, 0, 0, 0, 1], "fov": 50, "aspect": 1.7816901408450705}, {"camera_to_world": [0.07088323347165372, 0.3009832408786481, 0.9509914068606449, 0.6969146885208508, 0.9944667361681172, -0.0954299988809496, -0.043920678144975814, -0.6606739888955676, 0.07753372084284121, 0.9488425601878151, -0.3060822080887694, -1.1676035132419575, 0, 0, 0, 1], "fov": 50, "aspect": 1.7816901408450705}, {"camera_to_world": [0.13219235536924973, 0.3263736185497137, 0.93595162390836, 0.6630958104889532, 0.9892837787436506, -0.10249263482657146, -0.10398492641239487, -0.7862984925684912, 0.0619902112967371, 0.9396677715666707, -0.3364248694468245, -1.223026871417708, 0, 0, 0, 1], "fov": 50, "aspect": 1.7816901408450705}, {"camera_to_world": [0.1882218776141083, 0.3498103369509791, 0.9177174145398256, 0.6304580748218961, 0.9811719395354108, -0.10816356385207732, -0.16000708897776394, -0.9090443867834063, 0.04329145245588484, 0.9305554102884256, -0.3635828358533992, -1.2782797841853473, 0, 0, 0, 1], "fov": 50, "aspect": 1.7816901408450705}, {"camera_to_world": [0.23813774790409253, 0.3714839270799768, 0.897379576848284, 0.5995076853903258, 0.970974757927524, -0.11229965264146576, -0.21117956218392103, -1.027677981772595, 0.022325601688494682, 0.9216227427412176, -0.3874443025408969, -1.333289203512828, 0, 0, 0, 1], "fov": 50, "aspect": 1.7816901408450705}], "fps": 24, "seconds": 4, "smoothness_value": 0.5, "is_cycle": false, "crop": null}