{"keyframes": [{"matrix": "[-0.47601938071494354,0.879434789614194,-5.551115123125783e-17,0,-0.24105791452789582,-0.13047953133664913,0.9616996276102171,0,0.8457521096794398,0.45778766116880754,0.2741055020505242,0,0.8262459274149726,0.7051637017283012,0.31230986575987857,1]", "fov": 50, "aspect": 1, "properties": "[[\"FOV\",50],[\"NAME\",\"Camera 0\"],[\"TIME\",0]]"}, {"matrix": "[0.6952796382137609,0.7187393301366927,-5.551115123125783e-17,0,-0.34821058284238826,0.3368449699487218,0.8748056105311676,0,0.6287571985129918,-0.6082345283974785,0.484474089898718,0,0.6340983677418569,-0.42998096523495916,0.5121880750374939,1]", "fov": 50, "aspect": 1, "properties": "[[\"FOV\",50],[\"NAME\",\"Camera 1\"],[\"TIME\",0.5]]"}, {"matrix": "[0.6967685622077897,0.717296013315904,5.551115123125783e-17,0,0.3188040005390006,-0.3096805237419067,0.8958024237828714,0,0.6425555072981777,-0.6241669668414445,-0.44445249188718994,0,0.6462417921557744,-0.45329561627228177,-0.3207777435635339,1]", "fov": 50, "aspect": 1, "properties": "[[\"FOV\",50],[\"NAME\",\"Camera 2\"],[\"TIME\",1]]"}], "camera_type": "perspective", "render_height": 1080, "render_width": 1920, "camera_path": [{"camera_to_world": [-0.47601938071494365, -0.24105791452789588, 0.8457521096794398, 0.8262459274149726, 0.8794347896141939, -0.13047953133664916, 0.45778766116880754, 0.7051637017283012, -1.52655665885959e-16, 0.9616996276102171, 0.27410550205052425, 0.31230986575987857, 0, 0, 0, 1], "fov": 50, "aspect": 1}, {"camera_to_world": [-0.45840885969662837, -0.2529644717869206, 0.8519802188814016, 0.822199442898797, 0.8887290370022294, -0.12541497651014571, 0.4409441942650451, 0.6812785986642677, -0.004692136051646646, 0.9593122847543044, 0.28230820777786286, 0.3166934670043698, 0, 0, 0, 1], "fov": 50, "aspect": 1}, {"camera_to_world": [-0.43957983138505297, -0.26559475376102665, 0.85803787714419, 0.8180698321683931, 0.8981506039021034, -0.11960442493855998, 0.4231078754235183, 0.6569410908085973, -0.009750105116126853, 0.9566369260642912, 0.2911197814310949, 0.321497333559684, 0, 0, 0, 1], "fov": 50, "aspect": 1}, {"camera_to_world": [-0.41948299900929376, -0.27886368513760734, 0.8638686582193165, 0.8138626369713763, 0.9076372450948893, -0.11299478635332191, 0.4042608187464215, 0.6321813384807331, -0.015121007199550899, 0.9536599096997003, 0.30050645878721244, 0.3266934477384331, 0, 0, 0, 1], "fov": 50, "aspect": 1}, {"camera_to_world": [-0.3980744293405389, -0.292676068285775, 0.869412139182554, 0.8095833990553619, 0.917118443796132, -0.10553480086960283, 0.3843906422565128, 0.6070295020001171, -0.020748704879233807, 0.9503699936646746, 0.310429325914355, 0.3322537918532288, 0, 0, 0, 1], "fov": 50, "aspect": 1}, {"camera_to_world": [-0.3753176974117926, -0.3069261608939422, 0.8746044578942048, 0.8052376601679649, 0.9265152231933251, -0.09717684248204785, 0.36349168144022553, 0.5815157416861919, -0.02657380666245026, 0.9467592054182125, 0.32084394922663184, 0.33815034821668283, 0, 0, 0, 1], "fov": 50, "aspect": 1}, {"camera_to_world": [-0.3511862126725338, -0.32149757481161617, 0.8793790726523864, 0.8008309620568007, 0.935740241050437, -0.08787900146172599, 0.34156621961335715, 0.5556702178584001, -0.032533756432235904, 0.9428237324613435, 0.3317001118481402, 0.34435509914140716, 0, 0, 0, 1], "fov": 50, "aspect": 1}, {"camera_to_world": [-0.3256656719831502, -0.3362635892407631, 0.8836677365631737, 0.7963688464694844, 0.9446982379374478, -0.07760740652870288, 0.3186256889985021, 0.5295230908361837, -0.03856305653919051, 0.9385648027721941, 0.3429416884363101, 0.3508400269400134, 0, 0, 0, 1], "fov": 50, "aspect": 1}, {"camera_to_world": [-0.2987565573418701, -0.35108796878821824, 0.8874016889872348, 0.7918568551536311, 0.9532869062820121, -0.06633871663556003, 0.29469178642510085, 0.5031045209389854, -0.04459365152691854, 0.9339895143133622, 0.35450669019947395, 0.35757711392511354, 0, 0, 0, 1], "fov": 50, "aspect": 1}, {"camera_to_world": [-0.270476566778107, -0.36582636427041054, 0.8905130532612203, 0.7873005298568563, 0.9613982362302903, -0.05406267760763873, 0.2697974393191673, 0.47644466848624767, -0.050555496211742317, 0.9291115638579607, 0.36632750880625814, 0.36453834240931926, 0, 0, 0, 1], "fov": 50, "aspect": 1}, {"camera_to_world": [-0.24086283836390499, -0.38032834931695697, 0.8929364141981905, 0.782705412326775, 0.9689203735617128, -0.04078460387857951, 0.24398755251753815, 0.44957369379741285, -0.05637732516104723, 0.9239518184366033, 0.3783313817480377, 0.37169569470524244, 0, 0, 0, 1], "fov": 50, "aspect": 1}, {"camera_to_world": [-0.20997380382968012, -0.39444010757053033, 0.894610531597434, 0.7780770443110024, 0.9757399937617689, -0.026527614641275087, 0.2173194658451642, 0.42252175719192353, -0.061987630048893794, 0.9185386694098362, 0.39044109225301715, 0.3790211531254947, 0, 0, 0, 1], "fov": 50, "aspect": 1}, {"camera_to_world": [-0.177890494700996, -0.4080077342177757, 0.8954801285977886, 0.7734209675571538, 0.9817451553236132, -0.011334432496085673, 0.1898630575931145, 0.395319018989222, -0.06731583687104793, 0.9129081111801278, 0.4025759042067495, 0.3864866999826881, 0, 0, 0, 1], "fov": 50, "aspect": 1}, {"camera_to_world": [-0.14471712529982345, -0.4208810546982317, 0.8954976780768666, 0.7687427238128444, 0.9868285467989066, 0.004731452891134456, 0.1617004408661195, 0.3679956395087507, -0.07229365717484243, 0.9071034952802479, 0.4146527173221506, 0.3940643175894342, 0, 0, 0, 1], "fov": 50, "aspect": 1}, {"camera_to_world": [-0.11058079773803495, -0.43291779842816597, 0.8946250985612519, 0.7640478548256893, 0.9908909905611551, 0.021585438211708288, 0.13292521838214694, 0.340581779069952, -0.07685656768521956, 0.9011749267824302, 0.42658741113906407, 0.401725988258345, 0, 0, 0, 1], "fov": 50, "aspect": 1}, {"camera_to_world": [-0.0756302166104489, -0.44398790443294534, 0.8928352653500522, 0.7593419023433039, 0.9938450181680101, 0.03912241949795438, 0.10364128595909078, 0.3131075979922686, -0.08094535315930453, 0.8951782934197343, 0.438296329886582, 0.40944369430203215, 0, 0, 0, 1], "fov": 50, "aspect": 1}, {"camera_to_world": [-0.04003336482227, -0.45397768864085475, 0.8901132444342766, 0.7546304081133032, 0.9956182953550828, 0.05721844347217956, 0.0739612038900125, 0.28560325659514263, -0.08450763075158386, 0.8891739469546599, 0.44969784567176413, 0.4171894180331075, 0, 0, 0, 1], "fov": 50, "aspect": 1}, {"camera_to_world": [-0.003974172347292222, -0.46279357889232287, 0.8864571672056067, 0.7499189138833025, 0.9961566567691196, 0.07573339278645021, 0.044004186069324935, 0.25809891519801675, -0.08749926358961278, 0.8832250882720036, 0.46071392676821354, 0.42493514176418284, 0, 0, 0, 1], "fov": 50, "aspect": 1}, {"camera_to_world": [0.032351701708564835, -0.4703651309075554, 0.8818786827125816, 0.7452129614009171, 0.9954265175493286, 0.09451460667078421, 0.013893785858549331, 0.23062473412033324, -0.08988556923208707, 0.8773959384178759, 0.47127163259805754, 0.43265284780787, 0, 0, 0, 1], "fov": 50, "aspect": 1}, {"camera_to_world": [0.06874176794377465, -0.47664707972962256, 0.8764029499751738, 0.740518092413762, 0.9934164634123058, 0.11340124604132575, -0.016244618113755747, 0.20321087368153468, -0.09164223677623379, 0.8717498028571602, 0.48130445838071256, 0.44031451847678077, 0, 0, 0, 1], "fov": 50, "aspect": 1}, {"camera_to_world": [0.10499201077763362, -0.4816202540711052, 0.870068163158125, 0.7358398486694525, 0.9901378810740542, 0.13222913479324436, -0.0462864167333366, 0.17588749420106334, -0.09275588463839558, 0.8663471514239047, 0.4907534605936413, 0.4478921360835269, 0, 0, 0, 1], "fov": 50, "aspect": 1}, {"camera_to_world": [0.1409022790122592, -0.4852912772542723, 0.862924634015085, 0.7311837719156039, 0.985624570004134, 0.15083575900865473, -0.07611031998651305, 0.14868475599836178, -0.09322421774044468, 0.8612438388895447, 0.49956810867136237, 0.45535768294072027, 0, 0, 0, 1], "fov": 50, "aspect": 1}, {"camera_to_world": [0.17628143456848366, -0.4876910851675589, 0.85503348546976, 0.7265554038998313, 0.9799313642377694, 0.16906509125118555, -0.10560074007000463, 0.12163281939287243, -0.09305577472452632, 0.8564895798363908, 0.5077068272360546, 0.4626831413609726, 0, 0, 0, 1], "fov": 50, "aspect": 1}, {"camera_to_world": [0.2109519571021417, -0.4888723938600085, 0.8464650343140945, 0.72196028636975, 0.9731318770692171, 0.18677193014740953, -0.1346499013766951, 0.09476184470403756, -0.0922692886420977, 0.8521267679345578, 0.5151372144806522, 0.46984049365689573, 0, 0, 0, 1], "fov": 50, "aspect": 1}, {"camera_to_world": [0.2447537593135038, -0.4889063329890744, 0.8372969573962894, 0.7174039610729751, 0.9653155504058286, 0.203825501802235, -0.16315959352658135, 0.0681019922512999, -0.09089271393571448, 0.8481896971658186, 0.5218359437363022, 0.47680172214110145, 0, 0, 0, 1], "fov": 50, "aspect": 1}, {"camera_to_world": [0.277547046789751, -0.48787851598997944, 0.8276123431013479, 0.712891969757122, 0.9565842358620071, 0.2201121496365147, -0.19104251171582862, 0.041683422354101565, -0.08896199479883371, 0.8447042057535928, 0.5277883745059229, 0.4835388091262015, 0, 0, 0, 1], "fov": 50, "aspect": 1}, {"camera_to_world": [0.30921414513756407, -0.48588483873527843, 0.8174977283968672, 0.7084298541698058, 0.9470485522820461, 0.2355370302456638, -0.21822315872412335, 0.015536295331885414, -0.08651966289420061, 0.841687727646213, 0.5329879145556944, 0.49002373692480783, 0, 0, 0, 1], "fov": 50, "aspect": 1}, {"camera_to_world": [0.3396603036676464, -0.4830272866887509, 0.8070412123469938, 0.7040231560586414, 0.9368242550871133, 0.25002482178536856, -0.24463831174137426, -0.010309228495906611, -0.0836133553499521, 0.8391497058363889, 0.5374351849310061, 0.49622848784953216, 0, 0, 0, 1], "fov": 50, "aspect": 1}, {"camera_to_world": [0.36881355871068044, -0.4794099921364134, 0.7963307217173826, 0.6996774171712445, 0.9260288214786461, 0.26351952725724587, -0.2702370821056719, -0.03582298880983187, -0.08029433792013863, 0.8370922996861706, 0.5411370446606708, 0.5021250442129863, 0, 0, 0, 1], "fov": 50, "aspect": 1}, {"camera_to_world": [0.3966237940373438, -0.4751357270449467, 0.785452485443195, 0.6953981792552301, 0.9147784094567969, 0.27598351072217403, -0.294980615297271, -0.060974825290447676, -0.07661610532463568, 0.8355113061442875, 0.5441055317766498, 0.5076853883277819, 0, 0, 0, 1], "fov": 50, "aspect": 1}, {"camera_to_world": [0.4230611681205829, -0.47030295337301303, 0.7744897546624289, 0.6911909840582133, 0.9031852959457334, 0.2873959370453026, -0.31884149127312555, -0.08573457761831207, -0.07263311376958853, 0.8343972120150417, 0.5463567729658523, 0.512881502506531, 0, 0, 0, 1], "fov": 50, "aspect": 1}, {"camera_to_world": [0.44811408903389927, -0.4650034901613948, 0.7635217857710677, 0.6870613733278095, 0.8913558473953305, 0.2977507962685006, -0.3418028914968777, -0.11007208547398234, -0.06839968218837826, 0.833736299713042, 0.5479099068435735, 0.5176853690618453, 0, 0, 0, 1], "fov": 50, "aspect": 1}, {"camera_to_world": [0.4717869111523305, -0.4593208021420859, 0.7526230870660916, 0.6830148888116339, 0.8793890305939828, 0.30705468588173435, -0.36385759954829144, -0.13395718853801597, -0.06396908109640485, 0.8335117399278908, 0.5487860567343721, 0.5220689703063364, 0, 0, 0, 1], "fov": 50, "aspect": 1}, {"camera_to_world": [0.4940975084242713, -0.45332887190926674, 0.7418629159503789, 0.6790570722573015, 0.8673754354182642, 0.31532450335046885, -0.3850068981456788, -0.1573597264909706, -0.059392812712517354, 0.8337046188430599, 0.5490073791105581, 0.5260042885526164, 0, 0, 0, 1], "fov": 50, "aspect": 1}, {"camera_to_world": [0.5150748519857691, -0.44709158829273593, 0.7313050037636258, 0.6751934654124275, 0.8553967561016576, 0.3225851727328918, -0.4052594181307227, -0.180249539013404, -0.054720074036862534, 0.8342948627498367, 0.5485962044041421, 0.5294633061132971, 0, 0, 0, 1], "fov": 50, "aspect": 1}, {"camera_to_world": [0.5347566899071565, -0.4406625668527462, 0.721007479000246, 0.6714296100246275, 0.8435256629053927, 0.32886749794601355, -0.4246299857696658, -0.20259646578587343, -0.049997386127267784, 0.835262037308938, 0.5475742784417135, 0.53241800530099, 0, 0, 0, 1], "fov": 50, "aspect": 1}, {"camera_to_world": [0.5531873974819453, -0.43408531245056403, 0.7110229565786526, 0.6677710478415163, 0.8318259903112621, 0.33420620495571196, -0.44313850477225397, -0.22437034648893672, -0.04526836765160181, 0.8365860111690828, 0.5459621056505319, 0.5348403684283072, 0, 0, 0, 1], "fov": 50, "aspect": 1}, {"camera_to_world": [0.570416040106286, -0.42739363609122444, 0.7013987603483385, 0.6642233206107093, 0.8203531689880249, 0.3386382083525846, -0.460808899626577, -0.24554102080315116, -0.0405736283904864, 0.8382474835467586, 0.5437783896099193, 0.5367023778078603, 0, 0, 0, 1], "fov": 50, "aspect": 1}, {"camera_to_world": [0.5864946687836998, -0.4206122460487433, 0.6921772475039393, 0.6607919700798217, 0.8091548346776384, 0.34220111574975803, -0.4776681378294184, -0.2660783284090744, -0.035950758074092065, 0.8402283825564644, 0.5410395624540278, 0.5379760157522612, 0, 0, 0, 1], "fov": 50, "aspect": 1}, {"camera_to_world": [0.6014768510793848, -0.41375744430914074, 0.6833962063798688, 0.6574825379964686, 0.7982715558775146, 0.3449319665895146, -0.4937453407391124, -0.28595210898726436, -0.03143438710266086, 0.842512145730528, 0.5377593919254426, 0.5386332645741218, 0, 0, 0, 1], "fov": 50, "aspect": 1}, {"camera_to_world": [0.6154164277776526, -0.4068378717049219, 0.6750893026615093, 0.6543005661082655, 0.787737632193725, 0.34686619001374047, -0.5090709862594565, -0.3051322022182779, -0.02705629773670784, 0.8450838966469314, 0.5339486533186701, 0.5386461065860535, 0, 0, 0, 1], "fov": 50, "aspect": 1}, {"camera_to_world": [0.6283664770245128, -0.39985525738396066, 0.6672865529097742, 0.6512515961628272, 0.7775819253498077, 0.34803675879430795, -0.523676201385206, -0.32358844778267326, -0.022845566771007967, 0.8479305323376196, 0.5296148528964725, 0.5379865241006687, 0, 0, 0, 1], "fov": 50, "aspect": 1}, {"camera_to_world": [0.6403784626446769, -0.392805139555168, 0.660014808106519, 0.6483411699077692, 0.7678286942833283, 0.34847351211544403, -0.5375921386972533, -0.3412906853610078, -0.0188287231643437, 0.8510407356249008, 0.5247619893733043, 0.5366264994305787, 0, 0, 0, 1], "fov": 50, "aspect": 1}, {"camera_to_world": [0.6515015408503857, -0.38567753428161616, 0.6532982334432156, 0.6455748290907066, 0.7584984140954416, 0.3482026184101481, -0.5508494280173275, -0.3582087546338389, -0.015029906329490361, 0.8544049251278749, 0.5193903405271966, 0.5345380148883956, 0, 0, 0, 1], "fov": 50, "aspect": 1}, {"camera_to_world": [0.6617819990036419, -0.3784575372496198, 0.6471587736357257, 0.6429581154592546, 0.7496085656287731, 0.34724614970781464, -0.5634776924147676, -0.3743124952817242, -0.01147101262824521, 0.8580151537193561, 0.513496262749041, 0.5316930527867308, 0, 0, 0, 1], "fov": 50, "aspect": 1}, {"camera_to_world": [0.6712628008513901, -0.3711258499383979, 0.6416165955620606, 0.6404965707610284, 0.7411743880949772, 0.34562174040215965, -0.5755051163920426, -0.3895717469852214, -0.008171818964174541, 0.8618649639409204, 0.5070719922318061, 0.5280635954381966, 0, 0, 0, 1], "fov": 50, "aspect": 1}, {"camera_to_world": [0.6799832142445814, -0.3636592265867531, 0.6366905019426097, 0.6381957367436433, 0.7332095915166298, 0.34334230548673106, -0.5869580531614444, -0.40395634942488795, -0.005150073166922453, 0.8659492064673199, 0.500105437447939, 0.5236216251554044, 0, 0, 0, 1], "fov": 50, "aspect": 1}, {"camera_to_world": [0.6879784994190438, -0.35603084200524476, 0.6323983110968571, 0.6360611551547144, 0.7257270288998925, 0.34041579575316006, -0.5978606572821775, -0.41743614228128123, -0.0024215410910083117, 0.8702638252523076, 0.4925799535059921, 0.5183391242509663, 0, 0, 0, 1], "fov": 50, "aspect": 1}, {"camera_to_world": [0.6952796382137612, -0.3482105828423883, 0.6287571985129919, 0.6340983677418569, 0.7187393301366927, 0.33684496994872176, -0.6082345283974786, -0.42998096523495916, -5.551115123125783e-17, 0.8748056105311677, 0.484474089898718, 0.5121880750374939, 0, 0, 0, 1], "fov": 50, "aspect": 1}, {"camera_to_world": [0.7019189714542553, -0.3401678360930282, 0.6257759989008744, 0.6323110690034811, 0.7122536959821915, 0.33263283256158244, -0.6181019909867355, -0.44157071140629334, 0.0021047736952986835, 0.8795687818413321, 0.47576709421506513, 0.5051497990567285, 0, 0, 0, 1], "fov": 50, "aspect": 1}, {"camera_to_world": [0.7079466205781355, -0.33188023793348775, 0.6234317044241566, 0.6306955644411767, 0.7062552140364201, 0.3277994072756364, -0.6274959133222399, -0.452225487674912, 0.0038929498285978914, 0.8845355031082434, 0.46645663108447605, 0.49724297476692886, 0, 0, 0, 1], "fov": 50, "aspect": 1}, {"camera_to_world": [0.7134113853396159, -0.32332773239371243, 0.6216939542354823, 0.6292463123073285, 0.7007248901334083, 0.3223649952356646, -0.636447514092272, -0.46197545436025766, 0.0053687629239068954, 0.889685330502785, 0.45654264759474233, 0.4884956198554832, 0, 0, 0, 1], "fov": 50, "aspect": 1}, {"camera_to_world": [0.718355430929208, -0.31449050807065576, 0.6205329928279179, 0.6279577708543214, 0.695645545324003, 0.31634522580747226, -0.6449829248745195, -0.4708507717817726, 0.006538358003550989, 0.8949979991275288, 0.4460222319933584, 0.4789357520097797, 0, 0, 0, 1], "fov": 50, "aspect": 1}, {"camera_to_world": [0.722815072756173, -0.3053492417552246, 0.6199195199023805, 0.6268243983345401, 0.691001785789914, 0.3097517458761372, -0.6531235625529329, -0.4788816002588995, 0.0074096310055499215, 0.90045305068404, 0.43489010207426804, 0.46859138891720653, 0, 0, 0, 1], "fov": 50, "aspect": 1}, {"camera_to_world": [0.7268214770229963, -0.2958853072063877, 0.6198245118721036, 0.6258406530003694, 0.6867799257388897, 0.30259284345733994, -0.660886453704785, -0.4860981001110805, 0.007992129891042867, 0.9060295006608687, 0.4231390667286836, 0.457490548265152, 0, 0, 0, 1], "fov": 50, "aspect": 1}, {"camera_to_world": [0.7304012902006399, -0.28608096434244007, 0.6202190235022947, 0.6250009931041941, 0.682967872604548, 0.2948740192267727, -0.6682845185810207, -0.49253043165775817, 0.008297003269755856, 0.9117055416229234, 0.410760471699497, 0.4456612477410043, 0, 0, 0, 1], "fov": 50, "aspect": 1}, {"camera_to_world": [0.7335772097463047, -0.2759195402227572, 0.6210739768047672, 0.624299876898399, 0.6795549808697744, 0.2865985183755561, -0.6753268225385518, -0.49820875521837504, 0.00833698482107201, 0.9174582805709468, 0.39774463930503823, 0.43313150503215136, 0, 0, 0, 1], "fov": 50, "aspect": 1}, {"camera_to_world": [0.7363685074184882, -0.2653856101073341, 0.6223599434653759, 0.623731762635369, 0.6765318786731079, 0.2777678338960139, -0.6820188029605574, -0.5031632311123734, 0.008126402728338063, 0.9232635097309296, 0.384081310633598, 0.41992933782598185, 0, 0, 0, 1], "fov": 50, "aspect": 1}, {"camera_to_world": [0.7387915154150568, -0.25446518438100924, 0.6240469266719154, 0.6232911085674888, 0.6738902698940439, 0.26838219103736344, -0.6883624798578994, -0.5074240196591959, 0.007681203867667604, 0.9290955114905695, 0.36976009740806304, 0.4060827638098836, 0, 0, 0, 1], "fov": 50, "aspect": 1}, {"camera_to_world": [0.74086008432069, -0.24314590504087144, 0.6261041481432587, 0.622972372947143, 0.6716227135395867, 0.2584410212514728, -0.6943566584920303, -0.5110212811782847, 0.007018982694272842, 0.934926899493405, 0.35477094932588005, 0.39161980067124486, 0, 0, 0, 1], "fov": 50, "aspect": 1}, {"camera_to_world": [0.7425860205031445, -0.23141725363783394, 0.6284998463579969, 0.6227700140267167, 0.6697223818970093, 0.247943432457393, -0.699997132485157, -0.5139851759890822, 0.006159004749128146, 0.9407284991005473, 0.33910464113682015, 0.37656846609745404, 0, 0, 0, 1], "fov": 50, "aspect": 1}, {"camera_to_world": [0.7439795091301593, -0.2192707709412152, 0.6312010923669986, 0.6226784900585945, 0.6681827990245555, 0.23688868085910864, -0.705276895955441, -0.5163458644110313, 0.005122214575530082, 0.9464692714989096, 0.32275328197582387, 0.3609567777758992, 0, 0, 0, 1], "fov": 50, "aspect": 1}, {"camera_to_world": [0.7450495273720852, -0.20670028709305846, 0.6341736300716703, 0.6226922592951615, 0.6669975616821635, 0.2252766478182262, -0.7101863731851177, -0.518133506763574, 0.003931217709680052, 0.9521162866285977, 0.3057108474750103, 0.3448127533939683, 0, 0, 0, 1], "fov": 50, "aspect": 1}, {"camera_to_world": [0.7458042505954277, -0.19370215959766102, 0.6373817483745472, 0.6228057799888019, 0.6661600457185958, 0.21310832337922922, -0.7147136741343991, -0.5193782633661528, 0.002610226425190543, 0.9576347507654972, 0.28797373290686273, 0.32816441063905, 0, 0, 0, 1], "fov": 50, "aspect": 1}, {"camera_to_world": [0.7462514524386393, -0.18027551513517803, 0.64078819306848, 0.6230135103919011, 0.6656631021807405, 0.20038629594672056, -0.7188448836792724, -0.5201102945382102, 0.0011849592121832009, 0.9629880949624973, 0.2695413230511529, 0.3110397671985324, 0, 0, 0, 1], "fov": 50, "aspect": 1}, {"camera_to_world": [0.7463988976144214, -0.16642248990035666, 0.6443541266224204, 0.6233099087568434, 0.6654987489274599, 0.1871152453168047, -0.722564391695313, -0.5203597605991888, -0.0003175152945790738, 0.9681381305502834, 0.2504165716533952, 0.2934668407598032, 0, 0, 0, 1], "fov": 50, "aspect": 1}, {"camera_to_world": [0.7462547241520568, -0.15214846197032778, 0.6480391440343719, 0.6236894333360139, 0.6656578652187087, 0.17330243378923307, -0.7258552699506975, -0.5201568218685307, -0.0018689979157923147, 0.9730452774474537, 0.23060658031374248, 0.2754736490102513, 0, 0, 0, 1], "fov": 50, "aspect": 1}, {"camera_to_world": [0.7458278096625224, -0.13746226813592782, 0.6518013525399671, 0.6241465423817975, 0.6661298984817832, 0.15895818748754634, -0.7286997001367046, -0.5195316386656784, -0.0034404480309224864, 0.9776688700524325, 0.21012316352022253, 0.2570882096372645, 0, 0, 0, 1], "fov": 50, "aspect": 1}, {"camera_to_world": [0.7451281141981406, -0.12237639673823032, 0.655597522076533, 0.6246756941465785, 0.6669025940661537, 0.14409635738593515, -0.7310794552002812, -0.5185143713100747, -0.00500234538571473, 0.9819675439185718, 0.18898338347899774, 0.23833854032823099, 0, 0, 0, 1], "fov": 50, "aspect": 1}, {"camera_to_world": [0.7441669905405947, -0.10690714739346305, 0.6593833119104144, 0.6252713468827422, 0.6679617600906019, 0.12873474702348345, -0.7329764334311607, -0.5171351801211617, -0.006525124245533935, 0.9858997042016961, 0.16721003560967343, 0.21925265877053918, 0, 0, 0, 1], "fov": 50, "aspect": 1}, {"camera_to_world": [0.7429574514644153, -0.09107474812775274, 0.6631135766721773, 0.625927958842673, 0.6692910802454994, 0.11289549166356787, -0.7343732415235824, -0.5154242254183818, -0.007979675263670868, 0.9894240740024005, 0.14483206332569695, 0.19985858265157722, 0, 0, 0, 1], "fov": 50, "aspect": 1}, {"camera_to_world": [0.7415143828749198, -0.07490342044152244, 0.666742752188419, 0.6266399882787562, 0.670871987422484, 0.0966053719526704, -0.7352538191683826, -0.5134116675211776, -0.009337905623504894, 0.9925003172372525, 0.12188487930223253, 0.180184329658733, 0, 0, 0, 1], "fov": 50, "aspect": 1}, {"camera_to_world": [0.7398546918847129, -0.05842138324172742, 0.6702253179911213, 0.627401893443376, 0.672683610113256, 0.07989604419881423, -0.7356040937939226, -0.5111276667489915, -0.010573342951664596, 0.9950897266586084, 0.09841057015037638, 0.16025791747939522, 0, 0, 0, 1], "fov": 50, "aspect": 1}, {"camera_to_world": [0.7379973800058368, -0.04166078747018501, 0.6735163293431605, 0.6282081325889176, 0.6747028015169427, 0.06280416947886909, -0.7354126500960251, -0.5086023834212658, -0.011661763576317636, 0.9971559632692538, 0.07445796254838367, 0.1401073638009518, 0, 0, 0, 1], "fov": 50, "aspect": 1}, {"camera_to_world": [0.7359635337613252, -0.02465757465619858, 0.6765720072435873, 0.6290531639677656, 0.6769042581813658, 0.04537142512205709, -0.7346713952770506, -0.5058659778574432, -0.012581821389514837, 0.9986658288909597, 0.050082531645822236, 0.11976068631079073, 0, 0, 0, 1], "fov": 50, "aspect": 1}, {"camera_to_world": [0.7337762281313063, -0.007451254549635328, 0.6793503704532955, 0.6299314458323049, 0.679260730857203, 0.027644384864717295, -0.7333761978008217, -0.5029486103769661, -0.013315650368341538, 0.9995900493657828, 0.025346137066230776, 0.0992459026963007, 0, 0, 0, 1], "fov": 50, "aspect": 1}, {"camera_to_world": [0.7314603422037901, 0.009915400562885373, 0.6818118894642362, 0.6308374364349202, 0.6817433252808857, 0.009674258184204719, -0.7315274753305893, -0.4998804412992768, -0.01384941219239651, 0.9999040421761795, 0.00031657805075276265, 0.07859103064486972, 0, 0, 0, 1], "fov": 50, "aspect": 1}, {"camera_to_world": [0.7290422909422698, 0.027396744336732174, 0.683920138917838, 0.6317655940279964, 0.684321885171055, -0.008483515087425769, -0.729130706696471, -0.4966916309438175, -0.014173760742320265, 0.9995886395770557, -0.024933033006642177, 0.057824087843885597, 0, 0, 0, 1], "fov": 50, "aspect": 1}, {"camera_to_world": [0.7265496817533343, 0.04494472381918217, 0.6856424226555312, 0.6327103768639181, 0.6869654442821435, -0.02676981204532361, -0.7261968435109694, -0.49341233963003106, -0.014284197785173477, 0.9986307370414128, -0.05032507058870917, 0.03697309198073723, 0, 0, 0, 1], "fov": 50, "aspect": 1}, {"camera_to_world": [0.7240109091116108, 0.06250941850351355, 0.6869503447016615, 0.6336662431950703, 0.6896427294264416, -0.045122505624664834, -0.7227425995715211, -0.49007272767735977, -0.014181298834267355, 0.9970238372699546, -0.07577835231033016, 0.016066060742812388, 0, 0, 0, 1], "fov": 50, "aspect": 1}, {"camera_to_world": [0.7214547044309731, 0.08003964002836364, 0.687820300280929, 0.6346276512738376, 0.6923226924688993, -0.06347725728217128, -0.7187906004536697, -0.48670295540524594, -0.013870794751250234, 0.9947684624233235, -0.10120922497927591, -0.0048689881825008385, 0, 0, 0, 1], "fov": 50, "aspect": 1}, {"camera_to_world": [0.7189096612529028, 0.09748357816089664, 0.6882338635567018, 0.635589059352605, 0.6949750468574628, -0.08176839848073408, -0.7143693815214669, -0.4833331831331321, -0.013363502636059753, 0.9918724116532551, -0.12653274595317918, -0.0258040371078139, 0, 0, 0, 1], "fov": 50, "aspect": 1}, {"camera_to_world": [0.7164037573434638, 0.1147894757557647, 0.6881780530646732, 0.6365449256837573, 0.6975707835735052, -0.09992987007372912, -0.709513229595963, -0.47999357118046093, -0.012675108236755453, 0.988350847281857, -0.15166391894060435, -0.04671106834573879, 0, 0, 0, 1], "fov": 50, "aspect": 1}, {"camera_to_world": [0.7139638952793631, 0.13190631316052312, 0.6876454615468037, 0.6374897085196789, 0.7000826425776446, -0.11789618451809579, -0.7042618712081303, -0.47671427986667436, -0.011825810713042534, 0.9842262007407002, -0.17651893942720756, -0.06756206420888733, 0, 0, 0, 1], "fov": 50, "aspect": 1}, {"camera_to_world": [0.7116154815581897, 0.14878448128075522, 0.686634243638287, 0.6384178661127551, 0.7024855187797785, -0.13560337390102847, -0.6986600180999076, -0.4735254695112152, -0.010839848311265304, 0.9795278980798221, -0.2010164037383872, -0.08832900700987117, 0, 0, 0, 1], "fov": 50, "aspect": 1}, {"camera_to_world": [0.7093820613531114, 0.16537642239768757, 0.685147962082171, 0.6393238567153703, 0.7047567859738492, -0.15298988727754706, -0.6927567877795306, -0.47045730043352585, -0.009744929667300437, 0.9742919138049669, -0.22507843752797446, -0.10898387906130225, 0, 0, 0, 1], "fov": 50, "aspect": 1}, {"camera_to_world": [0.7072850220556445, 0.1816372189247333, 0.6831953002451313, 0.6402021385799097, 0.7068765275893947, -0.16999740376173003, -0.6866050228897478, -0.4675399329530485, -0.008571599553558686, 0.9685601702607639, -0.2486317040635276, -0.12949866267579252, 0, 0, 0, 1], "fov": 50, "aspect": 1}, {"camera_to_world": [0.7053433741161407, 0.19752511255996866, 0.6807896551054735, 0.6410471699587577, 0.7088276689785165, -0.18657153291383138, -0.6802605374389035, -0.464803527389226, -0.007352569682817419, 0.9623798070483164, -0.2716082596400641, -0.1498453401659533, 0, 0, 0, 1], "fov": 50, "aspect": 1}, {"camera_to_world": [0.7035736128444724, 0.21300193958504487, 0.6779486300907949, 0.6418534091042993, 0.7105960117237813, -0.20266238072373766, -0.6737813202825101, -0.46227824406150037, -0.0061220446937499395, 0.9558023504744042, -0.2939462321520247, -0.16999589384439673, 0, 0, 0, 1], "fov": 50, "aspect": 1}, {"camera_to_world": [0.7019896601984796, 0.22803347212231573, 0.6746934508102655, 0.6426153142689192, 0.7121701756267296, -0.21822496726761773, -0.6672267265396677, -0.4599942432893143, -0.0049150709269010495, 0.9488828163966762, -0.3155903085091418, -0.1899223060237346, 0, 0, 0, 1], "fov": 50, "aspect": 1}, {"camera_to_world": [0.700602881522309, 0.24258965966561782, 0.6710483286812935, 0.6433273437050021, 0.713541458241763, -0.23321949021056673, -0.6606566859997272, -0.45798168539211015, -0.003766931490784664, 0.941678780906336, -0.3364920263808649, -0.2095965590165786, 0, 0, 0, 1], "fov": 50, "aspect": 1}, {"camera_to_world": [0.6994221689561597, 0.2566447697911541, 0.667039797696889, 0.643983955664933, 0.7147036248275214, -0.2476114360755065, -0.6541309543073367, -0.4562707306893304, -0.0027126059542323115, 0.9342494521611832, -0.35660987494104274, -0.22899063513554058, 0, 0, 0, 1], "fov": 50, "aspect": 1}, {"camera_to_world": [0.6984540809619875, 0.27017743129165145, 0.662696048281707, 0.6445796084010968, 0.7156526433218933, -0.26137154803524365, -0.6477084282175488, -0.4548915395004172, -0.0017863073455420264, 0.926654773633798, -0.3759092172423575, -0.24807651669323266, 0, 0, 0, 1], "fov": 50, "aspect": 1}, {"camera_to_world": [0.6977030261218645, 0.2831705867689659, 0.6580462796257663, 0.6451087601658778, 0.716386379468522, -0.27447566450480443, -0.6414465409577238, -0.4538742721448134, -0.0010211035087256128, 0.9189545845054397, -0.3943620531492082, -0.26682618600226593, 0, 0, 0, 1], "fov": 50, "aspect": 1}, {"camera_to_world": [0.6971714789968865, 0.295611364755389, 0.6531200884222981, 0.6455658692116614, 0.7169042666975743, -0.28690444678891636, -0.6354007481924767, -0.4532490889419612, -0.0004486246842457521, 0.9112078574289195, -0.41194664617604365, -0.2852116253752527, 0, 0, 0, 1], "fov": 50, "aspect": 1}, {"camera_to_world": [0.6968602162451571, 0.30749088359148496, 0.6479469079507061, 0.6459453937908319, 0.7172069640225842, -0.29864301642380603, -0.6296241096867226, -0.4530461502113031, -9.885474519530371e-05, 0.9034720279286006, -0.4286470400904703, -0.3032048171248048, 0, 0, 0, 1], "fov": 50, "aspect": 1}], "fps": 24, "seconds": 4, "smoothness_value": 0.5, "is_cycle": false, "crop": null}